2000   1   -0.17    0.97   -0.00
2000   2   -0.19    0.96   -0.00
2000   3   -0.20    0.96   -0.00
2000   4   -0.22    0.96   -0.00
2000   5   -0.24    0.95   -0.00
2000   6   -0.25    0.95   -0.00
2000   7   -0.27    0.94   -0.00
2000   8   -0.29    0.94   -0.00
2000   9   -0.30    0.93   -0.00
2000  10   -0.32    0.93   -0.00
2000  11   -0.34    0.92   -0.00
2000  12   -0.35    0.91   -0.00
2000  13   -0.37    0.91   -0.00
2000  14   -0.38    0.90   -0.00
2000  15   -0.40    0.89   -0.00
2000  16   -0.42    0.89   -0.00
2000  17   -0.43    0.88   -0.00
2000  18   -0.45    0.87   -0.00
2000  19   -0.46    0.86   -0.00
2000  20   -0.48    0.86   -0.00
2000  21   -0.49    0.85   -0.00
2000  22   -0.51    0.84   -0.00
2000  23   -0.52    0.83   -0.00
2000  24   -0.54    0.82   -0.00
2000  25   -0.55    0.81   -0.00
2000  26   -0.57    0.80   -0.00
2000  27   -0.58    0.79   -0.00
2000  28   -0.60    0.78   -0.00
2000  29   -0.61    0.77   -0.00
2000  30   -0.62    0.76   -0.00
2000  31   -0.64    0.75   -0.00
2000  32   -0.65    0.74   -0.00
2000  33   -0.67    0.73   -0.00
2000  34   -0.68    0.72   -0.00
2000  35   -0.69    0.71   -0.00
2000  36   -0.71    0.69   -0.00
2000  37   -0.72    0.68   -0.00
2000  38   -0.73    0.67   -0.00
2000  39   -0.74    0.66   -0.00
2000  40   -0.75    0.64   -0.00
2000  41   -0.77    0.63   -0.00
2000  42   -0.78    0.61   -0.00
2000  43   -0.79    0.60   -0.00
2000  44   -0.80    0.59   -0.00
2000  45   -0.81    0.57   -0.00
2000  46   -0.82    0.56   -0.00
2000  47   -0.83    0.54   -0.00
2000  48   -0.84    0.53   -0.00
2000  49   -0.85    0.52   -0.00
2000  50   -0.85    0.50   -0.00
2000  51   -0.86    0.48   -0.00
2000  52   -0.87    0.47   -0.00
2000  53   -0.88    0.45   -0.00
2000  54   -0.89    0.44   -0.00
2000  55   -0.90    0.42   -0.00
2000  56   -0.90    0.41   -0.00
2000  57   -0.91    0.39   -0.00
2000  58   -0.92    0.38   -0.00
2000  59   -0.92    0.36   -0.00
2000  60   -0.93    0.34   -0.00
2000  61   -0.93    0.33   -0.00
2000  62   -0.94    0.31   -0.00
2000  63   -0.95    0.29   -0.00
2000  64   -0.95    0.28   -0.00
2000  65   -0.95    0.26   -0.00
2000  66   -0.96    0.24   -0.00
2000  67   -0.96    0.23   -0.00
2000  68   -0.97    0.21   -0.00
2000  69   -0.97    0.19   -0.00
2000  70   -0.97    0.18   -0.00
2000  71   -0.98    0.16   -0.00
2000  72   -0.98    0.14   -0.00
2000  73   -0.98    0.13    0.00
2000  74   -0.98    0.11    0.00
2000  75   -0.99    0.09    0.00
2000  76   -0.99    0.07    0.00
2000  77   -1.00    0.06    0.00
2000  78   -1.00    0.04    0.00
2000  79   -1.00    0.02    0.00
2000  80   -1.00    0.01    0.00
2000  81   -1.00   -0.01    0.00
2000  82   -1.00   -0.03    0.00
2000  83   -1.00   -0.05    0.00
2000  84   -1.00   -0.06    0.00
2000  85   -1.00   -0.08    0.00
2000  86   -1.00   -0.10    0.00
2000  87   -0.99   -0.11    0.00
2000  88   -0.99   -0.13    0.00
2000  89   -0.99   -0.15    0.00
2000  90   -0.99   -0.17    0.00
2000  91   -0.98   -0.18    0.00
2000  92   -0.98   -0.20    0.00
2000  93   -0.98   -0.22    0.00
2000  94   -0.97   -0.23    0.00
2000  95   -0.97   -0.25    0.00
2000  96   -0.96   -0.27    0.00
2000  97   -0.96   -0.28    0.00
2000  98   -0.95   -0.30    0.00
2000  99   -0.95   -0.32    0.00
2000 100   -0.94   -0.33    0.00
2000 101   -0.94   -0.35    0.00
2000 102   -0.93   -0.36    0.00
2000 103   -0.92   -0.38    0.00
2000 104   -0.92   -0.40    0.00
2000 105   -0.91   -0.41    0.00
2000 106   -0.90   -0.43    0.00
2000 107   -0.90   -0.44    0.00
2000 108   -0.89   -0.46    0.00
2000 109   -0.88   -0.47    0.00
2000 110   -0.87   -0.49    0.00
2000 111   -0.86   -0.50    0.00
2000 112   -0.86   -0.52    0.00
2000 113   -0.85   -0.54    0.00
2000 114   -0.85   -0.55    0.00
2000 115   -0.84   -0.57    0.00
2000 116   -0.83   -0.58    0.00
2000 117   -0.82   -0.60    0.00
2000 118   -0.81   -0.61    0.00
2000 119   -0.80   -0.62    0.00
2000 120   -0.78   -0.64    0.00
2000 121   -0.77   -0.65    0.00
2000 122   -0.76   -0.66    0.00
2000 123   -0.75   -0.67    0.00
2000 124   -0.74   -0.69    0.00
2000 125   -0.73   -0.70    0.00
2000 126   -0.72   -0.71    0.00
2000 127   -0.70   -0.72    0.00
2000 128   -0.69   -0.74    0.00
2000 129   -0.68   -0.75    0.00
2000 130   -0.67   -0.76    0.00
2000 131   -0.65   -0.77    0.00
2000 132   -0.64   -0.78    0.00
2000 133   -0.63   -0.79    0.00
2000 134   -0.61   -0.80    0.00
2000 135   -0.60   -0.81    0.00
2000 136   -0.59   -0.82    0.00
2000 137   -0.57   -0.83    0.00
2000 138   -0.56   -0.84    0.00
2000 139   -0.54   -0.85    0.00
2000 140   -0.53   -0.86    0.00
2000 141   -0.52   -0.87    0.00
2000 142   -0.50   -0.88    0.00
2000 143   -0.49   -0.89    0.00
2000 144   -0.47   -0.89    0.00
2000 145   -0.46   -0.90    0.00
2000 146   -0.44   -0.91    0.00
2000 147   -0.43   -0.92    0.00
2000 148   -0.41   -0.92    0.00
2000 149   -0.39   -0.93    0.00
2000 150   -0.38   -0.94    0.00
2000 151   -0.36   -0.94    0.00
2000 152   -0.35   -0.95    0.00
2000 153   -0.33   -0.95    0.00
2000 154   -0.32   -0.96    0.00
2000 155   -0.30   -0.96    0.00
2000 156   -0.28   -0.97    0.00
2000 157   -0.27   -0.97    0.00
2000 158   -0.25   -0.98    0.00
2000 159   -0.23   -0.98    0.00
2000 160   -0.22   -0.99    0.00
2000 161   -0.20   -1.00    0.00
2000 162   -0.19   -1.00    0.00
2000 163   -0.17   -1.01    0.00
2000 164   -0.15   -1.01    0.00
2000 165   -0.14   -1.01    0.00
2000 166   -0.12   -1.01    0.00
2000 167   -0.10   -1.01    0.00
2000 168   -0.09   -1.02    0.00
2000 169   -0.07   -1.02    0.00
2000 170   -0.05   -1.02    0.00
2000 171   -0.04   -1.02    0.00
2000 172   -0.02   -1.02    0.00
2000 173   -0.00   -1.02    0.00
2000 174    0.02   -1.02    0.00
2000 175    0.03   -1.02    0.00
2000 176    0.05   -1.02    0.00
2000 177    0.07   -1.02    0.00
2000 178    0.08   -1.02    0.00
2000 179    0.10   -1.01    0.00
2000 180    0.12   -1.01    0.00
2000 181    0.13   -1.01    0.00
2000 182    0.15   -1.01    0.00
2000 183    0.17   -1.01    0.00
2000 184    0.18   -1.00    0.00
2000 185    0.20   -1.00    0.00
2000 186    0.22   -1.00    0.00
2000 187    0.23   -0.99    0.00
2000 188    0.25   -0.99    0.00
2000 189    0.27   -0.98    0.00
2000 190    0.28   -0.98    0.00
2000 191    0.30   -0.97    0.00
2000 192    0.32   -0.97    0.00
2000 193    0.33   -0.96    0.00
2000 194    0.35   -0.96    0.00
2000 195    0.36   -0.95    0.00
2000 196    0.38   -0.95    0.00
2000 197    0.40   -0.94    0.00
2000 198    0.41   -0.93    0.00
2000 199    0.43   -0.93    0.00
2000 200    0.44   -0.92    0.00
2000 201    0.46   -0.91    0.00
2000 202    0.47   -0.90    0.00
2000 203    0.49   -0.90    0.00
2000 204    0.50   -0.89    0.00
2000 205    0.52   -0.88    0.00
2000 206    0.53   -0.87    0.00
2000 207    0.55   -0.86    0.00
2000 208    0.56   -0.85    0.00
2000 209    0.57   -0.84    0.00
2000 210    0.59   -0.83    0.00
2000 211    0.60   -0.82    0.00
2000 212    0.62   -0.81    0.00
2000 213    0.62   -0.79    0.00
2000 214    0.64   -0.78    0.00
2000 215    0.65   -0.77    0.00
2000 216    0.66   -0.76    0.00
2000 217    0.67   -0.75    0.00
2000 218    0.69   -0.74    0.00
2000 219    0.70   -0.73    0.00
2000 220    0.71   -0.72    0.00
2000 221    0.72   -0.70    0.00
2000 222    0.74   -0.69    0.00
2000 223    0.75   -0.68    0.00
2000 224    0.76   -0.67    0.00
2000 225    0.77   -0.65    0.00
2000 226    0.78   -0.64    0.00
2000 227    0.79   -0.63    0.00
2000 228    0.80   -0.61    0.00
2000 229    0.81   -0.60    0.00
2000 230    0.82   -0.59    0.00
2000 231    0.83   -0.57    0.00
2000 232    0.84   -0.56    0.00
2000 233    0.85   -0.55    0.00
2000 234    0.86   -0.53    0.00
2000 235    0.87   -0.52    0.00
2000 236    0.88   -0.50    0.00
2000 237    0.88   -0.49    0.00
2000 238    0.89   -0.47    0.00
2000 239    0.90   -0.46    0.00
2000 240    0.91   -0.44    0.00
2000 241    0.92   -0.43    0.00
2000 242    0.92   -0.41    0.00
2000 243    0.93   -0.40    0.00
2000 244    0.94   -0.38    0.00
2000 245    0.94   -0.36    0.00
2000 246    0.95   -0.35    0.00
2000 247    0.95   -0.33    0.00
2000 248    0.96   -0.32    0.00
2000 249    0.96   -0.30    0.00
2000 250    0.97   -0.28    0.00
2000 251    0.97   -0.27    0.00
2000 252    0.98   -0.25    0.00
2000 253    0.98   -0.23    0.00
2000 254    0.99   -0.22    0.00
2000 255    0.99   -0.20    0.00
2000 256    0.99   -0.18    0.00
2000 257    1.00   -0.17    0.00
2000 258    1.00   -0.15    0.00
2000 259    1.00   -0.13    0.00
2000 260    1.00   -0.12    0.00
2000 261    1.00   -0.10    0.00
2000 262    1.00   -0.08    0.00
2000 263    1.00   -0.06    0.00
2000 264    1.00   -0.05    0.00
2000 265    1.00   -0.03   -0.00
2000 266    1.00   -0.01   -0.00
2000 267    1.00    0.01   -0.00
2000 268    1.00    0.02   -0.00
2000 269    1.00    0.04   -0.00
2000 270    1.00    0.06   -0.00
2000 271    1.00    0.07   -0.00
2000 272    1.00    0.09   -0.00
2000 273    0.99    0.11   -0.00
2000 274    0.99    0.12   -0.00
2000 275    0.99    0.14   -0.00
2000 276    0.99    0.16   -0.00
2000 277    0.98    0.18   -0.00
2000 278    0.98    0.19   -0.00
2000 279    0.98    0.21   -0.00
2000 280    0.97    0.22   -0.00
2000 281    0.97    0.24   -0.00
2000 282    0.97    0.26   -0.00
2000 283    0.96    0.28   -0.00
2000 284    0.96    0.29   -0.00
2000 285    0.95    0.31   -0.00
2000 286    0.95    0.33   -0.00
2000 287    0.94    0.34   -0.00
2000 288    0.93    0.36   -0.00
2000 289    0.93    0.37   -0.00
2000 290    0.92    0.39   -0.00
2000 291    0.91    0.41   -0.00
2000 292    0.91    0.42   -0.00
2000 293    0.90    0.44   -0.00
2000 294    0.89    0.45   -0.00
2000 295    0.88    0.47   -0.00
2000 296    0.88    0.48   -0.00
2000 297    0.86    0.49   -0.00
2000 298    0.85    0.51   -0.00
2000 299    0.84    0.52   -0.00
2000 300    0.83    0.54   -0.00
2000 301    0.82    0.55   -0.00
2000 302    0.81    0.57   -0.00
2000 303    0.80    0.58   -0.00
2000 304    0.79    0.59   -0.00
2000 305    0.78    0.61   -0.00
2000 306    0.77    0.62   -0.00
2000 307    0.76    0.64   -0.00
2000 308    0.75    0.65   -0.00
2000 309    0.74    0.66   -0.00
2000 310    0.73    0.67   -0.00
2000 311    0.71    0.69   -0.00
2000 312    0.70    0.70   -0.00
2000 313    0.69    0.71   -0.00
2000 314    0.68    0.72   -0.00
2000 315    0.66    0.73   -0.00
2000 316    0.65    0.75   -0.00
2000 317    0.64    0.76   -0.00
2000 318    0.62    0.77   -0.00
2000 319    0.61    0.78   -0.00
2000 320    0.60    0.79   -0.00
2000 321    0.58    0.80   -0.00
2000 322    0.57    0.81   -0.00
2000 323    0.56    0.82   -0.00
2000 324    0.54    0.83   -0.00
2000 325    0.52    0.84   -0.00
2000 326    0.51    0.85   -0.00
2000 327    0.50    0.86   -0.00
2000 328    0.48    0.87   -0.00
2000 329    0.46    0.87   -0.00
2000 330    0.45    0.88   -0.00
2000 331    0.43    0.89   -0.00
2000 332    0.42    0.90   -0.00
2000 333    0.40    0.91   -0.00
2000 334    0.39    0.91   -0.00
2000 335    0.37    0.92   -0.00
2000 336    0.35    0.92   -0.00
2000 337    0.34    0.93   -0.00
2000 338    0.32    0.94   -0.00
2000 339    0.30    0.94   -0.00
2000 340    0.29    0.95   -0.00
2000 341    0.27    0.95   -0.00
2000 342    0.25    0.95   -0.00
2000 343    0.23    0.95   -0.00
2000 344    0.22    0.96   -0.00
2000 345    0.20    0.96   -0.00
2000 346    0.18    0.96   -0.00
2000 347    0.17    0.97   -0.00
2000 348    0.15    0.97   -0.00
2000 349    0.13    0.97   -0.00
2000 350    0.11    0.97   -0.00
2000 351    0.10    0.98   -0.00
2000 352    0.08    0.98   -0.00
2000 353    0.06    0.98   -0.00
2000 354    0.04    0.98   -0.00
2000 355    0.03    0.98   -0.00
2000 356    0.01    0.98   -0.00
2000 357   -0.01    0.98   -0.00
2000 358   -0.03    0.98   -0.00
2000 359   -0.04    0.98   -0.00
2000 360   -0.06    0.98   -0.00
2000 361   -0.08    0.98   -0.00
2000 362   -0.09    0.98   -0.00
2000 363   -0.11    0.97   -0.00
2000 364   -0.13    0.97   -0.00
2000 365   -0.15    0.97   -0.00
2000 366   -0.16    0.97   -0.00