2000   1   -0.14   -0.45   -0.02
2000   2   -0.12   -0.45   -0.03
2000   3   -0.10   -0.46   -0.03
2000   4   -0.08   -0.46   -0.03
2000   5   -0.05   -0.47   -0.03
2000   6   -0.03   -0.47   -0.04
2000   7   -0.01   -0.46   -0.04
2000   8    0.01   -0.46   -0.04
2000   9    0.04   -0.46   -0.04
2000  10    0.06   -0.45   -0.04
2000  11    0.08   -0.45   -0.04
2000  12    0.10   -0.44   -0.04
2000  13    0.12   -0.43   -0.05
2000  14    0.15   -0.42   -0.05
2000  15    0.17   -0.41   -0.05
2000  16    0.19   -0.40   -0.05
2000  17    0.21   -0.39   -0.05
2000  18    0.23   -0.37   -0.05
2000  19    0.24   -0.35   -0.05
2000  20    0.26   -0.34   -0.05
2000  21    0.27   -0.31   -0.05
2000  22    0.29   -0.30   -0.05
2000  23    0.30   -0.27   -0.05
2000  24    0.32   -0.25   -0.05
2000  25    0.33   -0.22   -0.05
2000  26    0.34   -0.20   -0.05
2000  27    0.35   -0.18   -0.05
2000  28    0.36   -0.15   -0.04
2000  29    0.36   -0.12   -0.04
2000  30    0.36   -0.09   -0.04
2000  31    0.36   -0.06   -0.04
2000  32    0.36   -0.03   -0.04
2000  33    0.36   -0.01   -0.03
2000  34    0.35    0.02   -0.03
2000  35    0.34    0.05   -0.03
2000  36    0.33    0.08   -0.02
2000  37    0.31    0.11   -0.02
2000  38    0.30    0.14   -0.02
2000  39    0.29    0.17   -0.01
2000  40    0.26    0.19   -0.01
2000  41    0.24    0.21   -0.00
2000  42    0.21    0.23   -0.00
2000  43    0.18    0.25    0.00
2000  44    0.15    0.27    0.01
2000  45    0.13    0.28    0.01
2000  46    0.09    0.30    0.02
2000  47    0.06    0.30    0.02
2000  48    0.03    0.31    0.02
2000  49   -0.01    0.31    0.03
2000  50   -0.04    0.31    0.03
2000  51   -0.07    0.30    0.03
2000  52   -0.11    0.30    0.03
2000  53   -0.14    0.29    0.04
2000  54   -0.17    0.27    0.04
2000  55   -0.20    0.26    0.04
2000  56   -0.22    0.24    0.04
2000  57   -0.25    0.22    0.04
2000  58   -0.27    0.20    0.04
2000  59   -0.30    0.18    0.04
2000  60   -0.31    0.15    0.04
2000  61   -0.33    0.13    0.04
2000  62   -0.34    0.10    0.04
2000  63   -0.36    0.08    0.04
2000  64   -0.37    0.05    0.04
2000  65   -0.38    0.03    0.04
2000  66   -0.39   -0.00    0.04
2000  67   -0.39   -0.03    0.03
2000  68   -0.40   -0.05    0.03
2000  69   -0.39   -0.08    0.03
2000  70   -0.39   -0.11    0.03
2000  71   -0.39   -0.13    0.03
2000  72   -0.39   -0.16    0.02
2000  73   -0.38   -0.18    0.02
2000  74   -0.38   -0.21    0.02
2000  75   -0.36   -0.23    0.02
2000  76   -0.36   -0.25    0.01
2000  77   -0.35   -0.27    0.01
2000  78   -0.33   -0.29    0.01
2000  79   -0.32   -0.31    0.00
2000  80   -0.31   -0.33    0.00
2000  81   -0.29   -0.35   -0.00
2000  82   -0.28   -0.37   -0.00
2000  83   -0.26   -0.38   -0.01
2000  84   -0.24   -0.39   -0.01
2000  85   -0.22   -0.40   -0.01
2000  86   -0.20   -0.41   -0.02
2000  87   -0.18   -0.42   -0.02
2000  88   -0.16   -0.44   -0.02
2000  89   -0.14   -0.45   -0.02