2019   1   -0.55    0.46    0.04
2019   2   -0.57    0.44    0.04
2019   3   -0.58    0.43    0.04
2019   4   -0.59    0.41    0.04
2019   5   -0.60    0.39    0.04
2019   6   -0.61    0.38    0.04
2019   7   -0.62    0.36    0.04
2019   8   -0.63    0.34    0.04
2019   9   -0.64    0.32    0.04
2019  10   -0.65    0.30    0.04
2019  11   -0.66    0.29    0.04
2019  12   -0.67    0.27    0.04
2019  13   -0.67    0.25    0.04
2019  14   -0.68    0.23    0.04
2019  15   -0.69    0.21    0.04
2019  16   -0.69    0.19    0.04
2019  17   -0.70    0.17    0.04
2019  18   -0.70    0.15    0.04
2019  19   -0.71    0.13    0.04
2019  20   -0.71    0.11    0.04
2019  21   -0.71    0.09    0.04
2019  22   -0.72    0.07    0.04
2019  23   -0.72    0.05    0.04
2019  24   -0.72    0.03    0.04
2019  25   -0.72    0.01    0.04
2019  26   -0.72   -0.01    0.04
2019  27   -0.72   -0.03    0.04
2019  28   -0.72   -0.05    0.04
2019  29   -0.72   -0.07    0.04
2019  30   -0.71   -0.09    0.04
2019  31   -0.71   -0.11    0.04
2019  32   -0.71   -0.13    0.04
2019  33   -0.70   -0.15    0.04
2019  34   -0.70   -0.17    0.04
2019  35   -0.69   -0.19    0.04
2019  36   -0.69   -0.21    0.04
2019  37   -0.68   -0.23    0.04
2019  38   -0.67   -0.25    0.04
2019  39   -0.67   -0.27    0.04
2019  40   -0.66   -0.29    0.03
2019  41   -0.65   -0.31    0.03
2019  42   -0.64   -0.32    0.03
2019  43   -0.63   -0.34    0.03
2019  44   -0.62   -0.36    0.03
2019  45   -0.61   -0.38    0.03
2019  46   -0.60   -0.39    0.03
2019  47   -0.59   -0.41    0.03
2019  48   -0.58   -0.43    0.03
2019  49   -0.57   -0.44    0.03
2019  50   -0.56   -0.46    0.03
2019  51   -0.54   -0.47    0.03
2019  52   -0.53   -0.49    0.02
2019  53   -0.52   -0.50    0.02
2019  54   -0.50   -0.52    0.02
2019  55   -0.49   -0.53    0.02
2019  56   -0.47   -0.54    0.02
2019  57   -0.46   -0.56    0.02
2019  58   -0.44   -0.57    0.02
2019  59   -0.42   -0.58    0.02
2019  60   -0.41   -0.59    0.02
2019  61   -0.39   -0.60    0.02
2019  62   -0.37   -0.62    0.01
2019  63   -0.36   -0.63    0.01
2019  64   -0.34   -0.64    0.01
2019  65   -0.32   -0.64    0.01
2019  66   -0.31   -0.66    0.01
2019  67   -0.29   -0.67    0.01
2019  68   -0.27   -0.68    0.01
2019  69   -0.25   -0.69    0.01
2019  70   -0.23   -0.69    0.00
2019  71   -0.21   -0.70    0.00
2019  72   -0.19   -0.70    0.00
2019  73   -0.17   -0.71    0.00
2019  74   -0.15   -0.71   -0.00
2019  75   -0.13   -0.72   -0.00
2019  76   -0.11   -0.72   -0.00
2019  77   -0.09   -0.72   -0.00
2019  78   -0.07   -0.73   -0.01
2019  79   -0.05   -0.73   -0.01
2019  80   -0.03   -0.73   -0.01
2019  81   -0.01   -0.73   -0.01
2019  82    0.01   -0.73   -0.01
2019  83    0.03   -0.73   -0.01
2019  84    0.05   -0.73   -0.01
2019  85    0.07   -0.73   -0.01
2019  86    0.09   -0.72   -0.02
2019  87    0.11   -0.72   -0.02
2019  88    0.13   -0.72   -0.02
2019  89    0.15   -0.71   -0.02
2019  90    0.17   -0.71   -0.02
2019  91    0.19   -0.71   -0.02
2019  92    0.20   -0.70   -0.02
2019  93    0.22   -0.69   -0.02
2019  94    0.24   -0.69   -0.02
2019  95    0.26   -0.68   -0.02
2019  96    0.28   -0.67   -0.03
2019  97    0.30   -0.67   -0.03
2019  98    0.32   -0.66   -0.03
2019  99    0.34   -0.65   -0.03
2019 100    0.35   -0.64   -0.03
2019 101    0.37   -0.63   -0.03
2019 102    0.39   -0.62   -0.03
2019 103    0.40   -0.61   -0.03
2019 104    0.42   -0.60   -0.03
2019 105    0.44   -0.58   -0.03
2019 106    0.45   -0.57   -0.03
2019 107    0.47   -0.56   -0.03
2019 108    0.48   -0.55   -0.04
2019 109    0.50   -0.53   -0.04
2019 110    0.51   -0.52   -0.04
2019 111    0.53   -0.50   -0.04
2019 112    0.54   -0.49   -0.04
2019 113    0.55   -0.47   -0.04
2019 114    0.57   -0.46   -0.04
2019 115    0.58   -0.44   -0.04
2019 116    0.59   -0.43   -0.04
2019 117    0.60   -0.41   -0.04
2019 118    0.61   -0.39   -0.04
2019 119    0.62   -0.38   -0.04
2019 120    0.63   -0.36   -0.04
2019 121    0.64   -0.34   -0.04
2019 122    0.65   -0.32   -0.04
2019 123    0.66   -0.30   -0.04
2019 124    0.67   -0.28   -0.04
2019 125    0.68   -0.27   -0.04
2019 126    0.69   -0.25   -0.04
2019 127    0.69   -0.23   -0.04
2019 128    0.70   -0.21   -0.04
2019 129    0.70   -0.19   -0.04
2019 130    0.71   -0.17   -0.04
2019 131    0.71   -0.15   -0.04
2019 132    0.72   -0.13   -0.04
2019 133    0.72   -0.11   -0.04
2019 134    0.72   -0.09   -0.04
2019 135    0.73   -0.07   -0.04
2019 136    0.73   -0.05   -0.04
2019 137    0.73   -0.03   -0.04
2019 138    0.73   -0.01   -0.04
2019 139    0.73    0.01   -0.04
2019 140    0.73    0.03   -0.04
2019 141    0.73    0.05   -0.04
2019 142    0.73    0.07   -0.04
2019 143    0.72    0.09   -0.04
2019 144    0.72    0.11   -0.04
2019 145    0.72    0.13   -0.04
2019 146    0.71    0.15   -0.04
2019 147    0.71    0.17   -0.04
2019 148    0.70    0.19   -0.04
2019 149    0.70    0.21   -0.04
2019 150    0.69    0.23   -0.04
2019 151    0.69    0.25   -0.04
2019 152    0.67    0.26   -0.04
2019 153    0.66    0.28   -0.03
2019 154    0.65    0.30   -0.03
2019 155    0.64    0.32   -0.03
2019 156    0.64    0.34   -0.03
2019 157    0.63    0.35   -0.03
2019 158    0.62    0.37   -0.03
2019 159    0.61    0.39   -0.03
2019 160    0.60    0.40   -0.03
2019 161    0.58    0.42   -0.03
2019 162    0.57    0.44   -0.03
2019 163    0.56    0.45   -0.03
2019 164    0.55    0.47   -0.03
2019 165    0.53    0.48   -0.02
2019 166    0.52    0.50   -0.02
2019 167    0.50    0.51   -0.02
2019 168    0.49    0.53   -0.02
2019 169    0.48    0.54   -0.02
2019 170    0.46    0.55   -0.02
2019 171    0.44    0.57   -0.02
2019 172    0.43    0.58   -0.02
2019 173    0.41    0.59   -0.02
2019 174    0.40    0.60   -0.02
2019 175    0.38    0.61   -0.01
2019 176    0.36    0.62   -0.01
2019 177    0.34    0.63   -0.01
2019 178    0.33    0.64   -0.01
2019 179    0.31    0.65   -0.01
2019 180    0.29    0.66   -0.01
2019 181    0.27    0.67   -0.01
2019 182    0.25    0.67   -0.01
2019 183    0.23    0.68   -0.00
2019 184    0.21    0.69   -0.00
2019 185    0.19    0.69   -0.00
2019 186    0.17    0.70   -0.00
2019 187    0.15    0.70    0.00
2019 188    0.13    0.71    0.00
2019 189    0.12    0.71    0.00
2019 190    0.10    0.71    0.00
2019 191    0.07    0.72    0.01
2019 192    0.05    0.72    0.01
2019 193    0.03    0.72    0.01
2019 194    0.01    0.72    0.01
2019 195   -0.01    0.72    0.01
2019 196   -0.03    0.72    0.01
2019 197   -0.05    0.72    0.01
2019 198   -0.07    0.72    0.01
2019 199   -0.09    0.71    0.02
2019 200   -0.11    0.71    0.02
2019 201   -0.13    0.71    0.02
2019 202   -0.15    0.70    0.02
2019 203   -0.17    0.70    0.02
2019 204   -0.19    0.69    0.02
2019 205   -0.21    0.69    0.02
2019 206   -0.23    0.68    0.02
2019 207   -0.24    0.68    0.02
2019 208   -0.26    0.67    0.02
2019 209   -0.28    0.66    0.03
2019 210   -0.30    0.65    0.03
2019 211   -0.32    0.64    0.03
2019 212   -0.34    0.63    0.03
2019 213   -0.36    0.62    0.03
2019 214   -0.37    0.61    0.03
2019 215   -0.39    0.60    0.03
2019 216   -0.41    0.59    0.03
2019 217   -0.42    0.58    0.03
2019 218   -0.44    0.57    0.03
2019 219   -0.46    0.56    0.03
2019 220   -0.47    0.54    0.03
2019 221   -0.49    0.53    0.04
2019 222   -0.50    0.51    0.04
2019 223   -0.52    0.50    0.04
2019 224   -0.53    0.48    0.04
2019 225   -0.54    0.47    0.04
2019 226   -0.56    0.45    0.04